function [cm_data]=telops()
cm_data=[0	0	0.0195312500000000
0.000229779411764705	0.000229779411764705	0.0243566176470588
0.000459558823529412	0.000459558823529412	0.0291819852941176
0.000689338235294117	0.000689338235294117	0.0340073529411765
0.000919117647058824	0.000919117647058824	0.0388327205882353
0.00114889705882353	0.00114889705882353	0.0436580882352941
0.00137867647058824	0.00137867647058824	0.0484834558823530
0.00160845588235294	0.00160845588235294	0.0533088235294118
0.00183823529411765	0.00183823529411765	0.0581341911764706
0.00206801470588235	0.00206801470588235	0.0629595588235294
0.00229779411764706	0.00229779411764706	0.0677849264705882
0.00252757352941176	0.00252757352941176	0.0726102941176471
0.00275735294117647	0.00275735294117647	0.0774356617647059
0.00298713235294118	0.00298713235294118	0.0822610294117647
0.00321691176470588	0.00321691176470588	0.0870863970588235
0.00344669117647059	0.00344669117647059	0.0919117647058824
0.00367647058823530	0.00367647058823530	0.0967371323529412
0.00390625000000000	0.00390625000000000	0.101562500000000
0.00413602941176471	0.00413602941176471	0.106387867647059
0.00436580882352941	0.00436580882352941	0.111213235294118
0.00459558823529412	0.00459558823529412	0.116038602941176
0.00482536764705882	0.00482536764705882	0.120863970588235
0.00505514705882353	0.00505514705882353	0.125689338235294
0.00528492647058824	0.00528492647058824	0.130514705882353
0.00551470588235294	0.00551470588235294	0.135340073529412
0.00574448529411765	0.00574448529411765	0.140165441176471
0.00597426470588235	0.00597426470588235	0.144990808823529
0.00620404411764706	0.00620404411764706	0.149816176470588
0.00643382352941176	0.00643382352941176	0.154641544117647
0.00666360294117647	0.00666360294117647	0.159466911764706
0.00689338235294118	0.00689338235294118	0.164292279411765
0.00712316176470588	0.00712316176470588	0.169117647058824
0.00735294117647059	0.00735294117647059	0.173943014705882
0.00758272058823529	0.00758272058823529	0.178768382352941
0.00781250000000000	0.00781250000000000	0.183593750000000
0.00804227941176471	0.00804227941176471	0.188419117647059
0.00827205882352941	0.00827205882352941	0.193244485294118
0.00850183823529412	0.00850183823529412	0.198069852941176
0.00873161764705882	0.00873161764705882	0.202895220588235
0.00896139705882353	0.00896139705882353	0.207720588235294
0.00919117647058824	0.00919117647058824	0.212545955882353
0.00942095588235294	0.00942095588235294	0.217371323529412
0.00965073529411765	0.00965073529411765	0.222196691176471
0.00988051470588235	0.00988051470588235	0.227022058823529
0.0101102941176471	0.0101102941176471	0.231847426470588
0.0103400735294118	0.0103400735294118	0.236672794117647
0.0105698529411765	0.0105698529411765	0.241498161764706
0.0107996323529412	0.0107996323529412	0.246323529411765
0.0110294117647059	0.0110294117647059	0.251148897058824
0.0112591911764706	0.0112591911764706	0.255974264705882
0.0114889705882353	0.0114889705882353	0.260799632352941
0.0117187500000000	0.0117187500000000	0.265625000000000
0.0126378676470588	0.0168504901960784	0.276118259803922
0.0135569852941176	0.0219822303921569	0.286611519607843
0.0144761029411765	0.0271139705882353	0.297104779411765
0.0153952205882353	0.0322457107843137	0.307598039215686
0.0163143382352941	0.0373774509803922	0.318091299019608
0.0172334558823529	0.0425091911764706	0.328584558823529
0.0181525735294118	0.0476409313725490	0.339077818627451
0.0190716911764706	0.0527726715686274	0.349571078431373
0.0199908088235294	0.0579044117647059	0.360064338235294
0.0209099264705882	0.0630361519607843	0.370557598039216
0.0218290441176471	0.0681678921568628	0.381050857843137
0.0227481617647059	0.0732996323529412	0.391544117647059
0.0236672794117647	0.0784313725490196	0.402037377450980
0.0245863970588235	0.0835631127450980	0.412530637254902
0.0255055147058824	0.0886948529411765	0.423023897058824
0.0264246323529412	0.0938265931372549	0.433517156862745
0.0273437500000000	0.0989583333333333	0.444010416666667
0.0282628676470588	0.104090073529412	0.454503676470588
0.0291819852941176	0.109221813725490	0.464996936274510
0.0301011029411765	0.114353553921569	0.475490196078431
0.0310202205882353	0.119485294117647	0.485983455882353
0.0319393382352941	0.124617034313725	0.496476715686275
0.0328584558823529	0.129748774509804	0.506969975490196
0.0337775735294118	0.134880514705882	0.517463235294118
0.0346966911764706	0.140012254901961	0.527956495098039
0.0356158088235294	0.145143995098039	0.538449754901961
0.0365349264705882	0.150275735294118	0.548943014705882
0.0374540441176471	0.155407475490196	0.559436274509804
0.0383731617647059	0.160539215686275	0.569929534313726
0.0392922794117647	0.165670955882353	0.580422794117647
0.0402113970588235	0.170802696078431	0.590916053921569
0.0411305147058824	0.175934436274510	0.601409313725490
0.0420496323529412	0.181066176470588	0.611902573529412
0.0429687500000000	0.186197916666667	0.622395833333333
0.0438878676470588	0.191329656862745	0.632889093137255
0.0448069852941177	0.196461397058824	0.643382352941176
0.0457261029411765	0.201593137254902	0.653875612745098
0.0466452205882353	0.206724877450980	0.664368872549020
0.0475643382352941	0.211856617647059	0.674862132352941
0.0484834558823529	0.216988357843137	0.685355392156863
0.0494025735294118	0.222120098039216	0.695848651960784
0.0503216911764706	0.227251838235294	0.706341911764706
0.0512408088235294	0.232383578431373	0.716835171568627
0.0521599264705882	0.237515318627451	0.727328431372549
0.0530790441176471	0.242647058823529	0.737821691176471
0.0539981617647059	0.247778799019608	0.748314950980392
0.0549172794117647	0.252910539215686	0.758808210784314
0.0558363970588235	0.258042279411765	0.769301470588235
0.0567555147058824	0.263174019607843	0.779794730392157
0.0576746323529412	0.268305759803922	0.790287990196078
0.0585937500000000	0.273437500000000	0.800781250000000
0.0674856085526315	0.270353618421053	0.797645970394737
0.0763774671052632	0.267269736842105	0.794510690789474
0.0852693256578947	0.264185855263158	0.791375411184211
0.0941611842105263	0.261101973684211	0.788240131578947
0.103053042763158	0.258018092105263	0.785104851973684
0.111944901315789	0.254934210526316	0.781969572368421
0.120836759868421	0.251850328947368	0.778834292763158
0.129728618421053	0.248766447368421	0.775699013157895
0.138620476973684	0.245682565789474	0.772563733552632
0.147512335526316	0.242598684210526	0.769428453947368
0.156404194078947	0.239514802631579	0.766293174342105
0.165296052631579	0.236430921052632	0.763157894736842
0.174187911184211	0.233347039473684	0.760022615131579
0.183079769736842	0.230263157894737	0.756887335526316
0.191971628289474	0.227179276315789	0.753752055921053
0.200863486842105	0.224095394736842	0.750616776315790
0.209755345394737	0.221011513157895	0.747481496710526
0.218647203947368	0.217927631578947	0.744346217105263
0.227539062500000	0.214843750000000	0.741210937500000
0.236430921052632	0.211759868421053	0.738075657894737
0.245322779605263	0.208675986842105	0.734940378289474
0.254214638157895	0.205592105263158	0.731805098684211
0.263106496710526	0.202508223684211	0.728669819078947
0.271998355263158	0.199424342105263	0.725534539473684
0.280890213815790	0.196340460526316	0.722399259868421
0.289782072368421	0.193256578947368	0.719263980263158
0.298673930921053	0.190172697368421	0.716128700657895
0.307565789473684	0.187088815789474	0.712993421052632
0.316457648026316	0.184004934210526	0.709858141447368
0.325349506578947	0.180921052631579	0.706722861842105
0.334241365131579	0.177837171052632	0.703587582236842
0.343133223684211	0.174753289473684	0.700452302631579
0.352025082236842	0.171669407894737	0.697317023026316
0.360916940789474	0.168585526315789	0.694181743421053
0.369808799342105	0.165501644736842	0.691046463815790
0.378700657894737	0.162417763157895	0.687911184210526
0.387592516447368	0.159333881578947	0.684775904605263
0.396484375000000	0.156250000000000	0.681640625000000
0.405376233552632	0.153166118421053	0.678505345394737
